12345,64e1d390354e3869bbc0453886cd36a1d453b8776ff40443e75bffcf9b2d810a
1669734207,1669736578,36.991234,-4.911050,693,33,258
1669734207,1669736579,36.991199,-4.911150,693,32,246
1669734207,1669736580,36.991150,-4.911250,693,34,240
1669734207,1669736581,36.991100,-4.911350,693,38,238
1669734207,1669736582,36.991051,-4.911450,693,40,236
1669734207,1669736583,36.991001,-4.911550,694,40,234
1669734207,1669736584,36.990932,-4.911650,696,39,232
1669734207,1669736585,36.990883,-4.911750,696,38,230
1669734207,1669736586,36.990818,-4.911833,696,39,226
1669734207,1669736587,36.990734,-4.911933,695,42,224
1669734207,1669736588,36.990665,-4.912034,695,44,226
1669734207,1669736589,36.990601,-4.912150,696,43,232
1669734207,1669736590,36.990532,-4.912250,696,42,236
1669734207,1669736591,36.990482,-4.912367,697,43,240
1669734207,1669736592,36.990417,-4.912450,698,40,228
1669734207,1669736593,36.990349,-4.912550,699,41,228
1669734207,1669736594,36.990284,-4.912650,700,39,230
1669734207,1669736595,36.990234,-4.912734,701,38,236
1669734207,1669736596,36.990185,-4.912850,701,38,240
1669734207,1669736597,36.990116,-4.912950,702,40,236
1669734207,1669736598,36.990051,-4.913050,703,42,230
1669734207,1669736599,36.989983,-4.913150,704,42,226
1669734207,1669736600,36.989918,-4.913250,705,38,232
1669734207,1669736601,36.989868,-4.913333,706,36,240
1669734207,1669736602,36.989834,-4.913450,706,38,240
1669734207,1669736603,36.989765,-4.913550,707,43,232
1669734207,1669736604,36.989700,-4.913667,707,42,232
1669734207,1669736605,36.989651,-4.913767,707,40,234
1669734207,1669736606,36.989601,-4.913850,708,38,234
1669734207,1669736607,36.989552,-4.913950,709,37,236
1669734207,1669736608,36.989552,-4.913950,0,37,236
1669734207,1669736609,36.989552,-4.913950,0,37,236
1669734207,1669736610,36.989552,-4.913950,0,37,236
EOF
